0000000000000000000000000000000000000000000000000000000000000000000000000000000000000000000000000000000000000000000000000000000000000000000000000000000000000000000000000000000000000000000000000000000000000000000000000000000000000000000000000000000000000000
1111111111111111111111111111111111111111111111111111111111111111111111111111111111111111111111111111111111111111111111111111111111111111111111111111111111111111111111111111111111111111111111111111111111111111111111111111111111111111111111111111111111111111
1101111110010010100110111011100010110100000100110110101101101000011000000110011111010110001001011000000000010100000010001010001110010010111000001101001111110010101001111011100010001110110010101100111101000011100000000110011001101010010000111011110011000111
1010010011101010010011111001111010110110010000001001111010101010100010011100000011100101111110001110010111000000010110011100010111100001110111111000011001101001101110010000101011001101011000111011000110000110011001001001110111010010110001000000011000010111
0001111110001010001000111000100011101110011011011101110001001101100110110101011001010110101100100111101110000111000011100011111100001110111101111011010001110001010001100100111101110101000111111001001000010001011110111110110000101000101010100111110001001001
1111110010011101111000000101011000100111101011111000001001010011010100011011100011001000001000011010011110001110101011100010110110101001010000001001100110110111011100110000010000000101001110010110101011111011101011011100101101110010100100011111111000010101
1001100000111110111110100011101001001100010101010001011111110101010111101101101100011000010101101100110000100101000101111101000010010101010010001111110010000100101100101011111100110101000100101111001100011010010011000000101100011001001110100010000100000010
1110010100110110110101101110101011000101110110011101011011001011101101110100010011100100000000111101101101101111111000000010100001110111100000010111001010101101010111110010101001110110010100000001101110000111001110011011001011110011101111111011010100110011
1101110100111010010101000100001000001001000011101010101111001001000101010010110110111010101110101101011100111100010001010110110010101010101001100000010011110011111110000011010010011000111001001110000101101101110100011011110010000100111011100100101101010100
0100100001011011001101001110001001011011001101011000101110001011101111011000110001000101100111111001000010010001000001010010110110000000111111100000001010100111110010111110111111110010100111111001100001000011000010111101000011010100101000100011100101111110
